1.919546
2.491655
2.986077
3.527460
4.068844
4.663696
5.211701
5.759728
6.321474
6.869388
7.417324
7.978889
8.526848
9.096599
9.644490
10.192381
10.755442
11.302540
11.849615
12.412517
12.959637
13.531383
14.078254
14.625125
15.195079
15.742698
16.290317
16.865533
17.413356
17.978957
18.526599
19.074218
19.644717
20.192517
20.740317
21.307823
21.855941
22.424422
22.972245
23.520091
24.092585
24.640159
25.187732
25.760930
26.308390
26.869501
27.417642
27.965805
28.534218
29.081927
29.629660
30.200000
30.748322
31.311746
31.859365
32.406984
32.973447
33.521088
34.068707
34.641633
35.188617
35.755079
36.303243
36.851429
37.423673
37.971814
38.519932
39.087664
39.635782
40.196054
40.743061
41.290045
41.866893
42.414535
42.962177
43.529773
44.077506
44.646190
45.193946
45.741678
46.315442
46.863084
47.410748
47.987052
48.535079
49.103129
49.651451
50.199773
50.765918
51.313401
51.860884
52.429320
52.976576
53.539161
54.086122
54.633061
55.201451
55.749116
56.296757
56.876168
57.424127
57.990703
58.538594
59.086485
59.654127
60.201859
60.749592
61.323492
61.870998
62.430204
62.977528
63.524853
64.089615
64.636689
65.183764
65.749864
66.296508
66.843175
67.397506
67.944785
68.526599
69.074286
69.621950
70.197687
70.745578
71.293447
71.855941
72.403424
72.974830
73.522449
74.070091
74.642676
75.190658
75.738639
76.314671
76.862630
77.428027
77.975692
78.523333
79.090839
79.637937
80.185057
80.758707
81.306599
81.864240
82.411723
82.959206
83.530454
84.078503
84.626553
85.196803
85.744354
86.307846
86.855465
87.403061
87.976735
88.523810
89.070862
89.643492
90.191950
90.759252
91.307528
91.855782
92.419456
92.967619
93.515760
94.085556
94.632721
95.201224
95.749138
96.297052
96.864694
97.412426
97.960159
98.532993
99.080816
99.648458
100.196032
100.743583
101.318889
101.867120
102.415329
102.987619
103.536304
104.097483
104.644649
105.191791
105.762993
106.310227
106.857483
107.428707
107.976032
108.538209
109.085941
109.633651
110.210771
110.758639
111.306508
111.875986
112.423764
112.987211
113.535079
114.082925
114.655646
115.203129
115.750590
116.318798
116.866327
117.424898
117.971837
118.518753
119.084853
119.631497
120.178118
120.750227
121.297392
121.844580
122.284263
122.832018
123.502222
124.049773
124.597324
125.178299
125.726440
