0.072
0.55
1.512
1.755
1.986
2.486
3.451
3.683
3.904
4.402
5.84
6.318
6.791
8.219
9.191
10.164
11.105
12.066
12.443
13.027
13.987
14.345
14.948
15.909
16.869
17.114
17.34
17.83
18.809
19.261
19.751
20.109
20.693
21.672
22.614
23.104
23.594
23.839
24.102
24.347
25.496
25.76
26.005
26.25
26.947
27.436
27.888
28.171
28.397
28.868
29.339
29.697
30.299
31.279
31.524
31.787
32.032
32.71
33.219
33.671
33.954
34.161
34.632
35.121
36.063
36.534
37.005
37.344
38.512
39.586
39.925
40.885
41.243
41.507
41.827
42.317
42.562
42.788
43.409
43.748
44.219
44.69
45.293
46.178
46.555
46.908
47.271
47.553
47.968
48.231
48.589
48.791
49.192
49.493
50.021
50.812
51.904
52.394
52.733
52.997
53.355
53.826
54.071
54.297
54.655
54.899
55.276
55.728
55.954
56.237
56.595
57.047
57.649
58.139
58.987
59.571
60.4
61.134
61.511
61.982
62.227
62.471
62.679
62.942
63.338
63.903
64.864
65.335
65.824
66.182
66.785
67.124
67.746
69.177
69.667
70.044
70.27
70.646
71.951
72.215
72.516
73.515
73.891
74.381
76.378
76.886
78.789
80.22
80.71
81.558
84.421
86.455
86.832
